<?xml version="1.0" encoding="utf-8"?>
<COLLADA xmlns="http://www.collada.org/2005/11/COLLADASchema" version="1.4.1">
  <asset><contributor><author></author><authoring_tool>FBX COLLADA exporter</authoring_tool><comments></comments></contributor><created>2014-05-27T08:09:27Z</created><keywords></keywords><modified>2014-05-27T08:09:27Z</modified><revision></revision><subject></subject><title></title><unit meter="0.010000" name="centimeter"></unit><up_axis>Y_UP</up_axis></asset>
  <library_images>
    <image id="file1-image" name="file1"><init_from>file://C:/Users/home/Documents/maya/projects/Deer/images/gem.tga</init_from></image>
  </library_images>
  <library_materials>
    <material id="lambert1" name="lambert1">
      <instance_effect url="#lambert1-fx"/>
    </material>
  </library_materials>
  <library_effects>
    <effect id="lambert1-fx" name="lambert1">
      <profile_COMMON>
        <technique sid="standard">
          <lambert>
            <emission>
              <color sid="emission">0.000000  0.000000 0.000000 1.000000</color>
            </emission>
            <ambient>
              <color sid="ambient">0.000000  0.000000 0.000000 1.000000</color>
            </ambient>
            <diffuse>
              <texture texture="file1-image" texcoord="CHANNEL0">
                <extra>
                  <technique profile="MAYA">
                    <wrapU sid="wrapU0">TRUE</wrapU>
                    <wrapV sid="wrapV0">TRUE</wrapV>
                    <blend_mode>NONE</blend_mode>
                  </technique>
                </extra>
              </texture>
            </diffuse>
            <transparent opaque="RGB_ZERO">
              <texture texture="file1-image" texcoord="CHANNEL0">
                <extra>
                  <technique profile="MAYA">
                    <wrapU sid="wrapU0">TRUE</wrapU>
                    <wrapV sid="wrapV0">TRUE</wrapV>
                    <blend_mode>NONE</blend_mode>
                  </technique>
                </extra>
              </texture>
            </transparent>
            <transparency>
              <float sid="transparency">1.000000</float>
            </transparency>
          </lambert>
        </technique>
      </profile_COMMON>
    </effect>
  </library_effects>
  <library_geometries>
    <geometry id="pSphere1-lib" name="pSphere1Mesh">
      <mesh>
        <source id="pSphere1-POSITION">
          <float_array id="pSphere1-POSITION-array" count="96">
0.992605 -6.862203 -1.719242
-0.992605 -6.862203 -1.719243
-1.985210 -6.862203 -0.000000
-0.992605 -6.862203 1.719242
0.992605 -6.862203 1.719243
1.985210 -6.862203 -0.000000
2.242487 -3.390046 -3.884098
-2.242486 -3.390046 -3.884099
-4.484974 -3.390046 -0.000001
-2.242487 -3.390046 3.884098
2.242487 -3.390046 3.884098
4.484974 -3.390046 -0.000000
3.135590 0.692188 -5.430999
-3.135587 0.692188 -5.431001
-6.271176 0.692188 -0.000001
-3.135589 0.692188 5.431000
3.135588 0.692188 5.431000
6.271176 0.692188 -0.000000
3.695929 4.034954 -6.401533
-3.695926 4.034954 -6.401535
-7.391854 4.034954 -0.000001
-3.695928 4.034954 6.401534
3.695927 4.034954 6.401534
7.391854 4.034954 0.000000
1.941614 7.391854 -3.362972
-1.941612 7.391854 -3.362972
-3.883226 7.391854 -0.000001
-1.941613 7.391854 3.362972
1.941613 7.391854 3.362972
3.883226 7.391854 -0.000000
0.000000 -9.287415 -0.000000
0.000000 10.774747 0.000000
</float_array>
          <technique_common>
            <accessor source="#pSphere1-POSITION-array" count="32" stride="3">
              <param name="X" type="float"/>
              <param name="Y" type="float"/>
              <param name="Z" type="float"/>
            </accessor>
          </technique_common>
        </source>
        <source id="pSphere1-Normal0">
          <float_array id="pSphere1-Normal0-array" count="540">
0.000000 -0.654654 -0.755929
0.000000 -0.654654 -0.755929
0.000000 -0.654654 -0.755929
0.000000 -0.654654 -0.755929
0.000000 -0.654654 -0.755929
0.000000 -0.654654 -0.755929
-0.654653 -0.654654 -0.377964
-0.654654 -0.654654 -0.377965
-0.654654 -0.654654 -0.377965
-0.654653 -0.654654 -0.377964
-0.654654 -0.654654 -0.377964
-0.654654 -0.654654 -0.377965
-0.654654 -0.654654 0.377964
-0.654654 -0.654654 0.377964
-0.654654 -0.654654 0.377964
-0.654654 -0.654654 0.377964
-0.654654 -0.654654 0.377964
-0.654654 -0.654654 0.377964
-0.000000 -0.654654 0.755929
-0.000000 -0.654654 0.755929
-0.000000 -0.654654 0.755929
-0.000000 -0.654654 0.755929
-0.000000 -0.654654 0.755929
-0.000000 -0.654654 0.755929
0.654654 -0.654654 0.377964
0.654654 -0.654654 0.377964
0.654654 -0.654654 0.377964
0.654654 -0.654654 0.377964
0.654654 -0.654654 0.377964
0.654654 -0.654654 0.377964
0.654654 -0.654654 -0.377964
0.654654 -0.654654 -0.377964
0.654654 -0.654654 -0.377964
0.654654 -0.654654 -0.377964
0.654654 -0.654654 -0.377964
0.654654 -0.654654 -0.377964
0.000000 -0.226045 -0.974117
0.000000 -0.226045 -0.974117
0.000000 -0.226045 -0.974117
0.000000 -0.226045 -0.974117
0.000000 -0.226045 -0.974117
0.000000 -0.226045 -0.974117
-0.843610 -0.226044 -0.487059
-0.843610 -0.226044 -0.487059
-0.843610 -0.226044 -0.487059
-0.843610 -0.226044 -0.487059
-0.843610 -0.226044 -0.487059
-0.843610 -0.226044 -0.487059
-0.843610 -0.226045 0.487058
-0.843610 -0.226045 0.487058
-0.843610 -0.226045 0.487058
-0.843610 -0.226045 0.487058
-0.843610 -0.226045 0.487058
-0.843610 -0.226045 0.487058
-0.000000 -0.226045 0.974117
-0.000000 -0.226045 0.974117
-0.000000 -0.226045 0.974117
-0.000000 -0.226045 0.974117
-0.000000 -0.226045 0.974117
-0.000000 -0.226045 0.974117
0.843610 -0.226045 0.487058
0.843610 -0.226045 0.487058
0.843610 -0.226045 0.487058
0.843610 -0.226045 0.487058
0.843610 -0.226045 0.487058
0.843610 -0.226045 0.487058
0.843610 -0.226045 -0.487058
0.843610 -0.226045 -0.487058
0.843610 -0.226045 -0.487058
0.843610 -0.226045 -0.487058
0.843610 -0.226045 -0.487058
0.843610 -0.226045 -0.487058
0.000000 0.226045 -0.974117
0.000000 0.226045 -0.974117
0.000000 0.226045 -0.974117
0.000000 0.226045 -0.974117
0.000000 0.226045 -0.974117
0.000000 0.226045 -0.974117
-0.843610 0.226044 -0.487059
-0.843610 0.226044 -0.487059
-0.843610 0.226044 -0.487059
-0.843610 0.226044 -0.487059
-0.843610 0.226044 -0.487059
-0.843610 0.226044 -0.487059
-0.843610 0.226045 0.487058
-0.843610 0.226045 0.487058
-0.843610 0.226045 0.487058
-0.843610 0.226045 0.487058
-0.843610 0.226045 0.487058
-0.843610 0.226045 0.487058
-0.000000 0.226045 0.974117
-0.000000 0.226045 0.974117
-0.000000 0.226045 0.974117
-0.000000 0.226045 0.974117
-0.000000 0.226045 0.974117
-0.000000 0.226045 0.974117
0.843610 0.226045 0.487058
0.843610 0.226045 0.487058
0.843610 0.226045 0.487058
0.843610 0.226045 0.487058
0.843610 0.226045 0.487058
0.843610 0.226045 0.487058
0.843610 0.226045 -0.487058
0.843610 0.226045 -0.487058
0.843610 0.226045 -0.487058
0.843610 0.226045 -0.487058
0.843610 0.226045 -0.487058
0.843610 0.226045 -0.487058
0.000000 0.654654 -0.755929
0.000000 0.654654 -0.755929
0.000000 0.654654 -0.755929
0.000000 0.654654 -0.755929
0.000000 0.654654 -0.755929
0.000000 0.654654 -0.755929
-0.654653 0.654654 -0.377964
-0.654654 0.654654 -0.377964
-0.654654 0.654654 -0.377964
-0.654654 0.654654 -0.377964
-0.654653 0.654654 -0.377964
-0.654654 0.654654 -0.377964
-0.654654 0.654654 0.377964
-0.654654 0.654654 0.377964
-0.654654 0.654654 0.377964
-0.654654 0.654654 0.377964
-0.654654 0.654654 0.377964
-0.654654 0.654654 0.377964
-0.000000 0.654654 0.755929
-0.000000 0.654654 0.755929
-0.000000 0.654654 0.755929
-0.000000 0.654654 0.755929
-0.000000 0.654654 0.755929
-0.000000 0.654654 0.755929
0.654654 0.654654 0.377964
0.654654 0.654654 0.377964
0.654654 0.654654 0.377964
0.654654 0.654654 0.377964
0.654654 0.654654 0.377964
0.654654 0.654654 0.377964
0.654654 0.654654 -0.377964
0.654654 0.654654 -0.377964
0.654654 0.654654 -0.377964
0.654654 0.654654 -0.377964
0.654654 0.654654 -0.377964
0.654654 0.654654 -0.377964
0.000000 -0.955319 -0.295577
0.000000 -0.955319 -0.295577
0.000000 -0.955319 -0.295577
-0.255977 -0.955319 -0.147788
-0.255977 -0.955319 -0.147788
-0.255977 -0.955319 -0.147788
-0.255977 -0.955319 0.147788
-0.255977 -0.955319 0.147788
-0.255977 -0.955319 0.147788
-0.000000 -0.955319 0.295577
-0.000000 -0.955319 0.295577
-0.000000 -0.955319 0.295577
0.255977 -0.955319 0.147788
0.255977 -0.955319 0.147788
0.255977 -0.955319 0.147788
0.255977 -0.955319 -0.147788
0.255977 -0.955319 -0.147788
0.255977 -0.955319 -0.147788
0.000000 0.955319 -0.295577
0.000000 0.955319 -0.295577
0.000000 0.955319 -0.295577
-0.255977 0.955319 -0.147788
-0.255977 0.955319 -0.147788
-0.255977 0.955319 -0.147788
-0.255977 0.955319 0.147788
-0.255977 0.955319 0.147788
-0.255977 0.955319 0.147788
-0.000000 0.955319 0.295577
-0.000000 0.955319 0.295577
-0.000000 0.955319 0.295577
0.255977 0.955319 0.147788
0.255977 0.955319 0.147788
0.255977 0.955319 0.147788
0.255977 0.955319 -0.147788
0.255977 0.955319 -0.147788
0.255977 0.955319 -0.147788
</float_array>
          <technique_common>
            <accessor source="#pSphere1-Normal0-array" count="180" stride="3">
              <param name="X" type="float"/>
              <param name="Y" type="float"/>
              <param name="Z" type="float"/>
            </accessor>
          </technique_common>
        </source>
        <source id="pSphere1-UV0">
          <float_array id="pSphere1-UV0-array" count="94">
0.000000 0.166667
0.166667 0.166667
0.333333 0.166667
0.500000 0.166667
0.666667 0.166667
0.833333 0.166667
1.000000 0.166667
0.000000 0.333333
0.166667 0.333333
0.333333 0.333333
0.500000 0.333333
0.666667 0.333333
0.833333 0.333333
1.000000 0.333333
0.000000 0.500000
0.166667 0.500000
0.333333 0.500000
0.500000 0.500000
0.666667 0.500000
0.833333 0.500000
1.000000 0.500000
0.000000 0.666667
0.166667 0.666667
0.333333 0.666667
0.500000 0.666667
0.666667 0.666667
0.833333 0.666667
1.000000 0.666667
0.000000 0.833333
0.166667 0.833333
0.333333 0.833333
0.500000 0.833333
0.666667 0.833333
0.833333 0.833333
1.000000 0.833333
0.083333 0.000000
0.250000 0.000000
0.416667 0.000000
0.583333 0.000000
0.750000 0.000000
0.916667 0.000000
0.083333 1.000000
0.250000 1.000000
0.416667 1.000000
0.583333 1.000000
0.750000 1.000000
0.916667 1.000000
</float_array>
          <technique_common>
            <accessor source="#pSphere1-UV0-array" count="47" stride="2">
              <param name="S" type="float"/>
              <param name="T" type="float"/>
            </accessor>
          </technique_common>
        </source>
        <vertices id="pSphere1-VERTEX">
          <input semantic="POSITION" source="#pSphere1-POSITION"/>
        </vertices>
        <triangles count="60" material="lambert1"><input semantic="VERTEX" offset="0" source="#pSphere1-VERTEX"/><input semantic="NORMAL" offset="1" source="#pSphere1-Normal0"/><input semantic="TEXCOORD" offset="2" set="0" source="#pSphere1-UV0"/><p> 1 0 1 7 1 8 0 2 0 0 3 0 7 4 8 6 5 7 8 6 9 1 7 1 2 8 2 8 9 9 7 10 8 1 11 1 3 12 3 8 13 9 2 14 2 8 15 9 3 16 3 9 17 10 10 18 11 9 19 10 3 20 3 10 21 11 3 22 3 4 23 4 10 24 11 4 25 4 11 26 12 4 27 4 5 28 5 11 29 12 11 30 12 0 31 6 6 32 13 0 33 6 11 34 12 5 35 5 7 36 8 13 37 15 6 38 7 6 39 7 13 40 15 12 41 14 14 42 16 7 43 8 8 44 9 7 45 8 14 46 16 13 47 15 9 48 10 14 49 16 8 50 9 14 51 16 9 52 10 15 53 17 16 54 18 15 55 17 9 56 10 16 57 18 9 58 10 10 59 11 16 60 18 10 61 11 17 62 19 10 63 11 11 64 12 17 65 19 17 66 19 6 67 13 12 68 20 6 69 13 17 70 19 11 71 12 12 72 14 13 73 15 19 74 22 12 75 14 19 76 22 18 77 21 20 78 23 13 79 15 14 80 16 13 81 15 20 82 23 19 83 22 15 84 17 20 85 23 14 86 16 20 87 23 15 88 17 21 89 24 22 90 25 21 91 24 15 92 17 22 93 25 15 94 17 16 95 18 23 96 26 22 97 25 16 98 18 16 99 18 17 100 19 23 101 26 23 102 26 12 103 20 18 104 27 12 105 20 23 106 26 17 107 19 19 108 22 24 109 28 18 110 21 24 111 28 19 112 22 25 113 29 20 114 23 25 115 29 19 116 22 25 117 29 20 118 23 26 119 30 20 120 23 21 121 24 27 122 31 20 123 23 27 124 31 26 125 30 22 126 25 27 127 31 21 128 24 27 129 31 22 130 25 28 131 32 23 132 26 28 133 32 22 134 25 28 135 32 23 136 26 29 137 33 24 138 34 23 139 26 18 140 27 23 141 26 24 142 34 29 143 33 1 144 1 0 145 0 30 146 35 2 147 2 1 148 1 30 149 36 3 150 3 2 151 2 30 152 37 4 153 4 3 154 3 30 155 38 5 156 5 4 157 4 30 158 39 0 159 6 5 160 5 30 161 40 24 162 28 25 163 29 31 164 41 25 165 29 26 166 30 31 167 42 26 168 30 27 169 31 31 170 43 27 171 31 28 172 32 31 173 44 28 174 32 29 175 33 31 176 45 29 177 33 24 178 34 31 179 46</p></triangles>
      </mesh>
    </geometry>
  </library_geometries>
  <library_controllers>
    <controller id="pSphere1Controller">
      <skin source="#pSphere1-lib">
        <bind_shape_matrix>0.341106 -0.000000 -0.000000 0.000000 0.000000 0.341106 -0.000000 2.664149 0.000000 0.000000 0.341106 0.000000 0.000000 0.000000 0.000000 1.000000
</bind_shape_matrix>
        <source id="pSphere1Controller-Joints">
          <Name_array id="pSphere1Controller-Joints-array" count="2">
 joint1 joint2</Name_array>
          <technique_common>
            <accessor source="#pSphere1Controller-Joints-array" count="2">
              <param type="name"/>
            </accessor>
          </technique_common>
        </source>
        <source id="pSphere1Controller-Matrices">
          <float_array id="pSphere1Controller-Matrices-array" count="32">

1.000000 -0.000000 0.000000 -0.000000 -0.000000 1.000000 -0.000000 -0.000000 -0.000000 -0.000000 1.000000 -0.000000 0.000000 0.000000 0.000000 1.000000
1.000000 -0.000000 0.000000 -0.000000 -0.000000 1.000000 -0.000000 -6.115608 -0.000000 -0.000000 1.000000 -0.042617 0.000000 0.000000 0.000000 1.000000</float_array>
          <technique_common>
            <accessor source="#pSphere1Controller-Matrices-array" count="2" stride="16">
              <param type="float4x4"/>
            </accessor>
          </technique_common>
        </source>
        <source id="pSphere1Controller-Weights">
          <float_array id="pSphere1Controller-Weights-array" count="58">

1.000000 0.999817 0.999817 0.999818 0.999820 0.999820 0.999818 0.990102 0.009898 0.990102 0.009898 0.990239 0.009761 0.990377 0.009623 0.990377
0.009623 0.990239 0.009761 0.913076 0.086924 0.913076 0.086924 0.913971 0.086029 0.914893 0.085107 0.914893 0.085107 0.913971 0.086029 0.737082
0.262918 0.737082 0.262918 0.737786 0.262214 0.738544 0.261456 0.738544 0.261456 0.737786 0.262214 0.686225 0.313775 0.686225 0.313775 0.690292
0.309708 0.694717 0.305283 0.694717 0.305283 0.690292 0.309708 0.999966 0.500000 0.500000</float_array>
          <technique_common>
            <accessor source="#pSphere1Controller-Weights-array" count="58">
              <param type="float"/>
            </accessor>
          </technique_common>
        </source>
        <joints>
          <input semantic="JOINT" source="#pSphere1Controller-Joints"/>
          <input semantic="INV_BIND_MATRIX" source="#pSphere1Controller-Matrices"/>
        </joints>
        <vertex_weights count="32">
          <input semantic="JOINT" offset="0" source="#pSphere1Controller-Joints"/>
          <input semantic="WEIGHT" offset="1" source="#pSphere1Controller-Weights"/>
          <vcount>1 1 1 1 1 1 2 2 2 2 2 2 2 2 2 2 2 2 2 2 2 2 2 2 2 2 2 2 2 2 1 2</vcount>
          <v>0 1 0 2 0 3 0 4 0 5 0 6 0 7 1 8 0 9 1 10 0 11 1 12 0 13 1 14 0 15 1 16 0 17 1 18 0 19 1 20 0 21 1 22 0 23 1 24 0 25 1 26 0 27 1 28 0 29 1 30 0 31 1 32 0 33 1 34 0 35 1 36 0 37 1 38 0 39 1 40 0 41 1 42 0 43 1 44 0 45 1 46 0 47 1 48 0 49 1 50 0 51 1 52 0 53 1 54 0 55 0 56 1 57</v>
        </vertex_weights>
      </skin>
    </controller>
  </library_controllers>
  <library_animations>
    <animation id="joint1-anim" name="joint1"><animation><source id="joint1-Matrix-animation-input"><float_array id="joint1-Matrix-animation-input-array" count="24">

0.041667 0.083333 0.125000 0.166667 0.208333 0.250000 0.291667 0.333333 0.375000 0.416667 0.458333 0.500000 0.541667 0.583333 0.625000 0.666667
0.708333 0.750000 0.791667 0.833333 0.875000 0.916667 0.958333 1.000000</float_array><technique_common><accessor source="#joint1-Matrix-animation-input-array" count="24"><param name="TIME" type="float"/></accessor></technique_common></source><source id="joint1-Matrix-animation-output-transform"><float_array id="joint1-Matrix-animation-output-transform-array" count="384">

1.000000 0.000000 0.000000 0.000000 0.000000 1.000000 0.000000 0.000000 0.000000 0.000000 1.000000 0.000000 0.000000 0.000000 0.000000 1.000000
0.998720 0.000000 0.050571 0.000000 0.000000 1.000000 0.000000 0.328042 -0.050571 0.000000 0.998720 0.000000 0.000000 0.000000 0.000000 1.000000
0.981525 0.000000 0.191333 0.000000 0.000000 1.000000 0.000000 1.100529 -0.191333 0.000000 0.981525 0.000000 0.000000 0.000000 0.000000 1.000000
0.916720 0.000000 0.399530 0.000000 0.000000 1.000000 0.000000 2.000000 -0.399530 0.000000 0.916720 0.000000 0.000000 0.000000 0.000000 1.000000
0.770439 0.000000 0.637514 0.000000 0.000000 1.000000 0.000000 2.966518 -0.637514 0.000000 0.770439 0.000000 0.000000 0.000000 0.000000 1.000000
0.524617 0.000000 0.851339 0.000000 0.000000 1.000000 0.000000 4.053571 -0.851339 0.000000 0.524617 0.000000 0.000000 0.000000 0.000000 1.000000
0.191585 0.000000 0.981476 0.000000 0.000000 1.000000 0.000000 5.113839 -0.981476 0.000000 0.191585 0.000000 0.000000 0.000000 0.000000 1.000000
-0.183118 0.000000 0.983091 0.000000 0.000000 1.000000 0.000000 6.000000 -0.983091 0.000000 -0.183118 0.000000 0.000000 0.000000 0.000000 1.000000
-0.534367 0.000000 0.845253 0.000000 0.000000 1.000000 0.000000 6.734375 -0.845253 0.000000 -0.534367 0.000000 0.000000 0.000000 0.000000 1.000000
-0.802367 0.000000 0.596831 0.000000 0.000000 1.000000 0.000000 7.375000 -0.596831 0.000000 -0.802367 0.000000 0.000000 0.000000 0.000000 1.000000
-0.955649 0.000000 0.294508 0.000000 0.000000 1.000000 0.000000 7.828125 -0.294508 0.000000 -0.955649 0.000000 0.000000 0.000000 0.000000 1.000000
-1.000000 0.000000 0.000000 0.000000 0.000000 1.000000 0.000000 8.000000 -0.000000 0.000000 -1.000000 0.000000 0.000000 0.000000 0.000000 1.000000
-0.957853 0.000000 -0.287258 0.000000 0.000000 1.000000 0.000000 7.828125 0.287258 0.000000 -0.957853 0.000000 0.000000 0.000000 0.000000 1.000000
-0.818426 0.000000 -0.574612 0.000000 0.000000 1.000000 0.000000 7.375000 0.574612 0.000000 -0.818426 0.000000 0.000000 0.000000 0.000000 1.000000
-0.580162 0.000000 -0.814501 0.000000 0.000000 1.000000 0.000000 6.734375 0.814501 0.000000 -0.580162 0.000000 0.000000 0.000000 0.000000 1.000000
-0.267360 0.000000 -0.963597 0.000000 0.000000 1.000000 0.000000 6.000000 0.963597 0.000000 -0.267360 0.000000 0.000000 0.000000 0.000000 1.000000
0.075654 0.000000 -0.997134 0.000000 0.000000 1.000000 0.000000 5.093750 0.997134 0.000000 0.075654 0.000000 0.000000 0.000000 0.000000 1.000000
0.398401 0.000000 -0.917211 0.000000 0.000000 1.000000 0.000000 4.000000 0.917211 0.000000 0.398401 0.000000 0.000000 0.000000 0.000000 1.000000
0.660178 0.000000 -0.751110 0.000000 0.000000 1.000000 0.000000 2.906250 0.751110 0.000000 0.660178 0.000000 0.000000 0.000000 0.000000 1.000000
0.841005 0.000000 -0.541028 0.000000 0.000000 1.000000 0.000000 2.000000 0.541028 0.000000 0.841005 0.000000 0.000000 0.000000 0.000000 1.000000
0.943682 0.000000 -0.330855 0.000000 0.000000 1.000000 0.000000 1.265625 0.330855 0.000000 0.943682 0.000000 0.000000 0.000000 0.000000 1.000000
0.987728 0.000000 -0.156185 0.000000 0.000000 1.000000 0.000000 0.625000 0.156185 0.000000 0.987728 0.000000 0.000000 0.000000 0.000000 1.000000
0.999162 0.000000 -0.040934 0.000000 0.000000 1.000000 0.000000 0.171875 0.040934 0.000000 0.999162 0.000000 0.000000 0.000000 0.000000 1.000000
1.000000 0.000000 -0.000000 0.000000 0.000000 1.000000 0.000000 0.000000 0.000000 0.000000 1.000000 0.000000 0.000000 0.000000 0.000000 1.000000</float_array><technique_common><accessor source="#joint1-Matrix-animation-output-transform-array" count="24" stride="16"><param type="float4x4"/></accessor></technique_common></source><source id="joint1-Interpolations"><Name_array id="joint1-Interpolations-array" count="24">
 LINEAR LINEAR LINEAR LINEAR LINEAR LINEAR LINEAR LINEAR LINEAR LINEAR LINEAR
LINEAR LINEAR LINEAR LINEAR LINEAR LINEAR LINEAR LINEAR LINEAR LINEAR LINEAR LINEAR
LINEAR</Name_array><technique_common><accessor source="#joint1-Interpolations-array" count="24"><param type="name"/></accessor></technique_common></source><sampler id="joint1-Matrix-animation-transform"><input semantic="INPUT" source="#joint1-Matrix-animation-input"/><input semantic="OUTPUT" source="#joint1-Matrix-animation-output-transform"/><input semantic="INTERPOLATION" source="#joint1-Interpolations"/></sampler><channel source="#joint1-Matrix-animation-transform" target="joint1/matrix"/></animation></animation>
  </library_animations>
  <library_visual_scenes>
    <visual_scene id="gem" name="gem">
      <node name="pSphere1" id="pSphere1" sid="pSphere1"><instance_controller url="#pSphere1Controller"><bind_material><technique_common><instance_material symbol="lambert1" target="#lambert1"/></technique_common></bind_material></instance_controller><extra><technique profile="FCOLLADA"><visibility>1.000000</visibility></technique></extra></node>
      <node name="joint1" id="joint1" sid="joint1" type="JOINT"><matrix sid="matrix">1.000000 0.000000 0.000000 0.000000 0.000000 1.000000 0.000000 0.000000 0.000000 0.000000 1.000000 0.000000 0.000000 0.000000 0.000000 1.000000</matrix><extra><technique profile="FCOLLADA"><visibility>1.000000</visibility></technique></extra><node name="joint2" id="joint2" sid="joint2" type="JOINT"><matrix sid="matrix">1.000000 0.000000 0.000000 0.000000 0.000000 1.000000 0.000000 6.115608 0.000000 0.000000 1.000000 0.042617 0.000000 0.000000 0.000000 1.000000</matrix><extra><technique profile="FCOLLADA"><visibility>1.000000</visibility></technique></extra></node></node>
      <extra><technique profile="MAX3D"><frame_rate>24.000000</frame_rate></technique><technique profile="FCOLLADA"><start_time>0.041667</start_time><end_time>2.000000</end_time></technique></extra>
    </visual_scene>
  </library_visual_scenes>
  <scene>
    <instance_visual_scene url="#gem"></instance_visual_scene>
  </scene>
</COLLADA>
