<?xml version="1.0" encoding="utf-8"?>
<COLLADA xmlns="http://www.collada.org/2005/11/COLLADASchema" version="1.4.1">
  <asset><contributor><author></author><authoring_tool>FBX COLLADA exporter</authoring_tool><comments></comments></contributor><created>2014-06-04T21:18:12Z</created><keywords></keywords><modified>2014-06-04T21:18:12Z</modified><revision></revision><subject></subject><title></title><unit meter="0.010000" name="centimeter"></unit><up_axis>Y_UP</up_axis></asset>
  <library_animations>
    <animation id="Waist-anim" name="Waist"><animation><source id="Waist-Matrix-animation-input"><float_array id="Waist-Matrix-animation-input-array" count="61">

0.041667 0.083333 0.125000 0.166667 0.208333 0.250000 0.291667 0.333333 0.375000 0.416667 0.458333 0.500000 0.541667 0.583333 0.625000 0.666667
0.708333 0.750000 0.791667 0.833333 0.875000 0.916667 0.958333 1.000000 1.041667 1.083333 1.125000 1.166667 1.208333 1.250000 1.291667 1.333333
1.375000 1.416667 1.458333 1.500000 1.541667 1.583333 1.625000 1.666667 1.708333 1.750000 1.791667 1.833333 1.875000 1.916667 1.958333 2.000000
2.041667 2.083333 2.125000 2.166667 2.208333 2.250000 2.291667 2.333333 2.375000 2.416667 2.458333 2.500000 2.541667</float_array><technique_common><accessor source="#Waist-Matrix-animation-input-array" count="61"><param name="TIME" type="float"/></accessor></technique_common></source><source id="Waist-Matrix-animation-output-transform"><float_array id="Waist-Matrix-animation-output-transform-array" count="976">

0.000000 -1.000000 0.000000 -0.080031 1.000000 0.000000 0.000000 8.510470 0.000000 0.000000 1.000000 0.000000 0.000000 0.000000 0.000000 1.000000
0.000000 -1.000000 0.000000 -0.080031 1.000000 0.000000 0.000000 10.543046 0.000000 0.000000 1.000000 0.000000 0.000000 0.000000 0.000000 1.000000
0.000000 -1.000000 0.000000 -0.080031 1.000000 0.000000 0.000000 10.538424 0.000000 0.000000 1.000000 0.000000 0.000000 0.000000 0.000000 1.000000
0.000000 -1.000000 0.000000 -0.080031 1.000000 0.000000 0.000000 10.525181 0.000000 0.000000 1.000000 0.000000 0.000000 0.000000 0.000000 1.000000
0.000000 -1.000000 0.000000 -0.080031 1.000000 0.000000 0.000000 10.504251 0.000000 0.000000 1.000000 0.000000 0.000000 0.000000 0.000000 1.000000
0.000000 -1.000000 0.000000 -0.080031 1.000000 0.000000 0.000000 10.476567 0.000000 0.000000 1.000000 0.000000 0.000000 0.000000 0.000000 1.000000
0.000000 -1.000000 0.000000 -0.080031 1.000000 0.000000 0.000000 10.443068 0.000000 0.000000 1.000000 0.000000 0.000000 0.000000 0.000000 1.000000
0.000000 -1.000000 0.000000 -0.080031 1.000000 0.000000 0.000000 10.404684 0.000000 0.000000 1.000000 0.000000 0.000000 0.000000 0.000000 1.000000
0.000000 -1.000000 0.000000 -0.080031 1.000000 0.000000 0.000000 10.362350 0.000000 0.000000 1.000000 0.000000 0.000000 0.000000 0.000000 1.000000
0.000000 -1.000000 0.000000 -0.080031 1.000000 0.000000 0.000000 10.317004 0.000000 0.000000 1.000000 0.000000 0.000000 0.000000 0.000000 1.000000
0.000000 -1.000000 0.000000 -0.080031 1.000000 0.000000 0.000000 10.269576 0.000000 0.000000 1.000000 0.000000 0.000000 0.000000 0.000000 1.000000
0.000000 -1.000000 0.000000 -0.080031 1.000000 0.000000 0.000000 10.221004 0.000000 0.000000 1.000000 0.000000 0.000000 0.000000 0.000000 1.000000
0.000000 -1.000000 0.000000 -0.080031 1.000000 0.000000 0.000000 10.172220 0.000000 0.000000 1.000000 0.000000 0.000000 0.000000 0.000000 1.000000
0.000000 -1.000000 0.000000 -0.080031 1.000000 0.000000 0.000000 10.124160 0.000000 0.000000 1.000000 0.000000 0.000000 0.000000 0.000000 1.000000
0.000000 -1.000000 0.000000 -0.080031 1.000000 0.000000 0.000000 10.059097 0.000000 0.000000 1.000000 0.000000 0.000000 0.000000 0.000000 1.000000
0.000000 -1.000000 0.000000 -0.080031 1.000000 0.000000 0.000000 9.969499 0.000000 0.000000 1.000000 0.000000 0.000000 0.000000 0.000000 1.000000
0.000000 -1.000000 0.000000 -0.080031 1.000000 0.000000 0.000000 9.871578 0.000000 0.000000 1.000000 0.000000 0.000000 0.000000 0.000000 1.000000
0.000000 -1.000000 0.000000 -0.080031 1.000000 0.000000 0.000000 9.781557 0.000000 0.000000 1.000000 0.000000 0.000000 0.000000 0.000000 1.000000
0.000000 -1.000000 0.000000 -0.080031 1.000000 0.000000 0.000000 9.715652 0.000000 0.000000 1.000000 0.000000 0.000000 0.000000 0.000000 1.000000
0.000000 -1.000000 0.000000 -0.080031 1.000000 0.000000 0.000000 9.690079 0.000000 0.000000 1.000000 0.000000 0.000000 0.000000 0.000000 1.000000
0.000000 -1.000000 0.000000 -0.080031 1.000000 0.000000 0.000000 9.701145 0.000000 0.000000 1.000000 0.000000 0.000000 0.000000 0.000000 1.000000
0.000000 -1.000000 0.000000 -0.080031 1.000000 0.000000 0.000000 9.731184 0.000000 0.000000 1.000000 0.000000 0.000000 0.000000 0.000000 1.000000
0.000000 -1.000000 0.000000 -0.080031 1.000000 0.000000 0.000000 9.775452 0.000000 0.000000 1.000000 0.000000 0.000000 0.000000 0.000000 1.000000
0.000000 -1.000000 0.000000 -0.080031 1.000000 0.000000 0.000000 9.829205 0.000000 0.000000 1.000000 0.000000 0.000000 0.000000 0.000000 1.000000
0.000000 -1.000000 0.000000 -0.080031 1.000000 0.000000 0.000000 9.887700 0.000000 0.000000 1.000000 0.000000 0.000000 0.000000 0.000000 1.000000
0.000000 -1.000000 0.000000 -0.080031 1.000000 0.000000 0.000000 9.946196 0.000000 0.000000 1.000000 0.000000 0.000000 0.000000 0.000000 1.000000
0.000000 -1.000000 0.000000 -0.080031 1.000000 0.000000 0.000000 9.999949 0.000000 0.000000 1.000000 0.000000 0.000000 0.000000 0.000000 1.000000
0.000000 -1.000000 0.000000 -0.080031 1.000000 0.000000 0.000000 10.044216 0.000000 0.000000 1.000000 0.000000 0.000000 0.000000 0.000000 1.000000
0.000000 -1.000000 0.000000 -0.080031 1.000000 0.000000 0.000000 10.074255 0.000000 0.000000 1.000000 0.000000 0.000000 0.000000 0.000000 1.000000
0.000000 -1.000000 0.000000 -0.080031 1.000000 0.000000 0.000000 10.085321 0.000000 0.000000 1.000000 0.000000 0.000000 0.000000 0.000000 1.000000
0.000000 -1.000000 0.000000 -0.080031 1.000000 0.000000 0.000000 10.065737 0.000000 0.000000 1.000000 0.000000 0.000000 0.000000 0.000000 1.000000
0.000000 -1.000000 0.000000 -0.080031 1.000000 0.000000 0.000000 10.012576 0.000000 0.000000 1.000000 0.000000 0.000000 0.000000 0.000000 1.000000
0.000000 -1.000000 0.000000 -0.080031 1.000000 0.000000 0.000000 9.934236 0.000000 0.000000 1.000000 0.000000 0.000000 0.000000 0.000000 1.000000
0.000000 -1.000000 0.000000 -0.080031 1.000000 0.000000 0.000000 9.839108 0.000000 0.000000 1.000000 0.000000 0.000000 0.000000 0.000000 1.000000
0.000000 -1.000000 0.000000 -0.080031 1.000000 0.000000 0.000000 9.735585 0.000000 0.000000 1.000000 0.000000 0.000000 0.000000 0.000000 1.000000
0.000000 -1.000000 0.000000 -0.080031 1.000000 0.000000 0.000000 9.632063 0.000000 0.000000 1.000000 0.000000 0.000000 0.000000 0.000000 1.000000
0.000000 -1.000000 0.000000 -0.080031 1.000000 0.000000 0.000000 9.536935 0.000000 0.000000 1.000000 0.000000 0.000000 0.000000 0.000000 1.000000
0.000000 -1.000000 0.000000 -0.080031 1.000000 0.000000 0.000000 9.458594 0.000000 0.000000 1.000000 0.000000 0.000000 0.000000 0.000000 1.000000
0.000000 -1.000000 0.000000 -0.080031 1.000000 0.000000 0.000000 9.405434 0.000000 0.000000 1.000000 0.000000 0.000000 0.000000 0.000000 1.000000
0.000000 -1.000000 0.000000 -0.080031 1.000000 0.000000 0.000000 9.385849 0.000000 0.000000 1.000000 0.000000 0.000000 0.000000 0.000000 1.000000
0.000000 -1.000000 0.000000 -0.080031 1.000000 0.000000 0.000000 9.405737 0.000000 0.000000 1.000000 0.000000 0.000000 0.000000 0.000000 1.000000
0.000000 -1.000000 0.000000 -0.080031 1.000000 0.000000 0.000000 9.459715 0.000000 0.000000 1.000000 0.000000 0.000000 0.000000 0.000000 1.000000
0.000000 -1.000000 0.000000 -0.080031 1.000000 0.000000 0.000000 9.539264 0.000000 0.000000 1.000000 0.000000 0.000000 0.000000 0.000000 1.000000
0.000000 -1.000000 0.000000 -0.080031 1.000000 0.000000 0.000000 9.635859 0.000000 0.000000 1.000000 0.000000 0.000000 0.000000 0.000000 1.000000
0.000000 -1.000000 0.000000 -0.080031 1.000000 0.000000 0.000000 9.740976 0.000000 0.000000 1.000000 0.000000 0.000000 0.000000 0.000000 1.000000
0.000000 -1.000000 0.000000 -0.080031 1.000000 0.000000 0.000000 9.846094 0.000000 0.000000 1.000000 0.000000 0.000000 0.000000 0.000000 1.000000
0.000000 -1.000000 0.000000 -0.080031 1.000000 0.000000 0.000000 9.942689 0.000000 0.000000 1.000000 0.000000 0.000000 0.000000 0.000000 1.000000
0.000000 -1.000000 0.000000 -0.080031 1.000000 0.000000 0.000000 10.022238 0.000000 0.000000 1.000000 0.000000 0.000000 0.000000 0.000000 1.000000
0.000000 -1.000000 0.000000 -0.080031 1.000000 0.000000 0.000000 10.076216 0.000000 0.000000 1.000000 0.000000 0.000000 0.000000 0.000000 1.000000
0.000000 -1.000000 0.000000 -0.080031 1.000000 0.000000 0.000000 10.096104 0.000000 0.000000 1.000000 0.000000 0.000000 0.000000 0.000000 1.000000
0.000000 -1.000000 0.000000 -0.080031 1.000000 0.000000 0.000000 10.084735 0.000000 0.000000 1.000000 0.000000 0.000000 0.000000 0.000000 1.000000
0.000000 -1.000000 0.000000 -0.080031 1.000000 0.000000 0.000000 10.053877 0.000000 0.000000 1.000000 0.000000 0.000000 0.000000 0.000000 1.000000
0.000000 -1.000000 0.000000 -0.080031 1.000000 0.000000 0.000000 10.008403 0.000000 0.000000 1.000000 0.000000 0.000000 0.000000 0.000000 1.000000
0.000000 -1.000000 0.000000 -0.080031 1.000000 0.000000 0.000000 9.953182 0.000000 0.000000 1.000000 0.000000 0.000000 0.000000 0.000000 1.000000
0.000000 -1.000000 0.000000 -0.080031 1.000000 0.000000 0.000000 9.893091 0.000000 0.000000 1.000000 0.000000 0.000000 0.000000 0.000000 1.000000
0.000000 -1.000000 0.000000 -0.080031 1.000000 0.000000 0.000000 9.833000 0.000000 0.000000 1.000000 0.000000 0.000000 0.000000 0.000000 1.000000
0.000000 -1.000000 0.000000 -0.080031 1.000000 0.000000 0.000000 9.777780 0.000000 0.000000 1.000000 0.000000 0.000000 0.000000 0.000000 1.000000
0.000000 -1.000000 0.000000 -0.080031 1.000000 0.000000 0.000000 9.732306 0.000000 0.000000 1.000000 0.000000 0.000000 0.000000 0.000000 1.000000
0.000000 -1.000000 0.000000 -0.080031 1.000000 0.000000 0.000000 9.701447 0.000000 0.000000 1.000000 0.000000 0.000000 0.000000 0.000000 1.000000
0.000000 -1.000000 0.000000 -0.080031 1.000000 0.000000 0.000000 9.690079 0.000000 0.000000 1.000000 0.000000 0.000000 0.000000 0.000000 1.000000
0.000000 -1.000000 0.000000 -0.080031 1.000000 0.000000 0.000000 10.543046 0.000000 0.000000 1.000000 0.000000 0.000000 0.000000 0.000000 1.000000</float_array><technique_common><accessor source="#Waist-Matrix-animation-output-transform-array" count="61" stride="16"><param type="float4x4"/></accessor></technique_common></source><source id="Waist-Interpolations"><Name_array id="Waist-Interpolations-array" count="61">
 LINEAR LINEAR LINEAR LINEAR LINEAR LINEAR LINEAR LINEAR LINEAR LINEAR LINEAR
LINEAR LINEAR LINEAR LINEAR LINEAR LINEAR LINEAR LINEAR LINEAR LINEAR LINEAR LINEAR
LINEAR LINEAR LINEAR LINEAR LINEAR LINEAR LINEAR LINEAR LINEAR LINEAR LINEAR LINEAR
LINEAR LINEAR LINEAR LINEAR LINEAR LINEAR LINEAR LINEAR LINEAR LINEAR LINEAR LINEAR
LINEAR LINEAR LINEAR LINEAR LINEAR LINEAR LINEAR LINEAR LINEAR LINEAR LINEAR LINEAR
LINEAR LINEAR</Name_array><technique_common><accessor source="#Waist-Interpolations-array" count="61"><param type="name"/></accessor></technique_common></source><sampler id="Waist-Matrix-animation-transform"><input semantic="INPUT" source="#Waist-Matrix-animation-input"/><input semantic="OUTPUT" source="#Waist-Matrix-animation-output-transform"/><input semantic="INTERPOLATION" source="#Waist-Interpolations"/></sampler><channel source="#Waist-Matrix-animation-transform" target="Waist/matrix"/></animation><animation><source id="Waist-visibility-animation-input"><float_array id="Waist-visibility-animation-input-array" count="5">

0.041667 0.083333 0.833333 2.500000 2.541667</float_array><technique_common><accessor source="#Waist-visibility-animation-input-array" count="5"><param name="TIME" type="float"/></accessor></technique_common></source><source id="Waist-visibility-animation-output"><float_array id="Waist-visibility-animation-output-array" count="5">

1.000000 1.000000 1.000000 1.000000 1.000000</float_array><technique_common><accessor source="#Waist-visibility-animation-output-array" count="5"><param type="float"/></accessor></technique_common></source><source id="Waist-visibility-animation-intan"><float_array id="Waist-visibility-animation-intan-array" count="5">

0.000000 0.000000 0.000000 0.000000 0.000000</float_array><technique_common><accessor source="#Waist-visibility-animation-intan-array" count="5"><param type="float"/></accessor></technique_common></source><source id="Waist-visibility-animation-outtan"><float_array id="Waist-visibility-animation-outtan-array" count="5">

0.000000 0.000000 0.000000 0.000000 0.000000</float_array><technique_common><accessor source="#Waist-visibility-animation-outtan-array" count="5"><param type="float"/></accessor></technique_common></source><source id="Waist-visibility-animation-interpolation"><Name_array id="Waist-visibility-animation-interpolation-array" count="5">
 STEP STEP STEP STEP STEP</Name_array><technique_common><accessor source="#Waist-visibility-animation-interpolation-array" count="5"><param type="name"/></accessor></technique_common></source><sampler id="Waist-visibility-animation"><input semantic="INPUT" source="#Waist-visibility-animation-input"/><input semantic="OUTPUT" source="#Waist-visibility-animation-output"/><input semantic="IN_TANGENT" source="#Waist-visibility-animation-intan"/><input semantic="OUT_TANGENT" source="#Waist-visibility-animation-outtan"/><input semantic="INTERPOLATION" source="#Waist-visibility-animation-interpolation"/></sampler><channel source="#Waist-visibility-animation" target="Waist/visibility"/></animation></animation>
    <animation id="Clavical-anim" name="Clavical"><animation><source id="Clavical-Matrix-animation-input"><float_array id="Clavical-Matrix-animation-input-array" count="61">

0.041667 0.083333 0.125000 0.166667 0.208333 0.250000 0.291667 0.333333 0.375000 0.416667 0.458333 0.500000 0.541667 0.583333 0.625000 0.666667
0.708333 0.750000 0.791667 0.833333 0.875000 0.916667 0.958333 1.000000 1.041667 1.083333 1.125000 1.166667 1.208333 1.250000 1.291667 1.333333
1.375000 1.416667 1.458333 1.500000 1.541667 1.583333 1.625000 1.666667 1.708333 1.750000 1.791667 1.833333 1.875000 1.916667 1.958333 2.000000
2.041667 2.083333 2.125000 2.166667 2.208333 2.250000 2.291667 2.333333 2.375000 2.416667 2.458333 2.500000 2.541667</float_array><technique_common><accessor source="#Clavical-Matrix-animation-input-array" count="61"><param name="TIME" type="float"/></accessor></technique_common></source><source id="Clavical-Matrix-animation-output-transform"><float_array id="Clavical-Matrix-animation-output-transform-array" count="976">

0.390288 0.920693 0.000000 3.620378 -0.920693 0.390288 0.000000 0.000000 0.000000 0.000000 1.000000 0.000000 0.000000 0.000000 0.000000 1.000000
0.390288 0.920693 0.000000 3.620378 -0.920693 0.390288 0.000000 -0.000000 0.000000 0.000000 1.000000 0.000000 0.000000 0.000000 0.000000 1.000000
0.390288 0.920667 -0.006872 3.620378 -0.920692 0.390287 -0.001467 0.000000 0.001331 0.006900 0.999975 0.000000 0.000000 0.000000 0.000000 1.000000
0.390283 0.920316 -0.026427 3.620378 -0.920681 0.390276 -0.005643 0.000000 0.005120 0.026534 0.999635 0.000000 0.000000 0.000000 0.000000 1.000000
0.390264 0.918933 -0.057055 3.620378 -0.920637 0.390230 -0.012193 0.000000 0.011060 0.057285 0.998297 0.000000 0.000000 0.000000 0.000000 1.000000
0.390219 0.915589 -0.097088 3.620378 -0.920529 0.390120 -0.020789 0.000000 0.018842 0.097484 0.995059 0.000000 0.000000 0.000000 0.000000 1.000000
0.390133 0.909305 -0.144775 3.620378 -0.920328 0.389909 -0.031113 0.000000 0.028158 0.145379 0.988975 0.000000 0.000000 0.000000 0.000000 1.000000
0.389996 0.899217 -0.198275 3.620378 -0.920003 0.389560 -0.042859 0.000000 0.038700 0.199128 0.979209 0.000000 0.000000 0.000000 0.000000 1.000000
0.389797 0.884699 -0.255667 3.620378 -0.919534 0.389039 -0.055732 0.000000 0.050158 0.256818 0.965157 0.000000 0.000000 0.000000 0.000000 1.000000
0.389532 0.865470 -0.315002 3.620378 -0.918909 0.388311 -0.069437 -0.000000 0.062223 0.316506 0.946548 0.000000 0.000000 0.000000 0.000000 1.000000
0.389201 0.841650 -0.374363 3.620378 -0.918128 0.387349 -0.083673 0.000000 0.074585 0.376279 0.923500 0.000000 0.000000 0.000000 0.000000 1.000000
0.388810 0.813789 -0.431942 3.620378 -0.917207 0.386138 -0.098125 0.000000 0.086936 0.434333 0.896547 0.000000 0.000000 0.000000 0.000000 1.000000
0.388372 0.782852 -0.486118 3.620378 -0.916173 0.384684 -0.112453 0.000000 0.098968 0.489041 0.866628 0.000000 0.000000 0.000000 0.000000 1.000000
0.387903 0.750175 -0.535507 3.620378 -0.915067 0.383019 -0.126284 0.000000 0.110374 0.539011 0.835036 0.000000 0.000000 0.000000 0.000000 1.000000
0.387427 0.717393 -0.579005 3.620378 -0.913945 0.381214 -0.139217 0.000000 0.120851 0.583115 0.803350 0.000000 0.000000 0.000000 0.000000 1.000000
0.386971 0.686345 -0.615779 3.620378 -0.912868 0.379375 -0.150820 0.000000 0.130097 0.620488 0.773349 0.000000 0.000000 0.000000 0.000000 1.000000
0.386564 0.658978 -0.645226 3.620378 -0.911908 0.377648 -0.160641 0.000000 0.137810 0.650484 0.746913 0.000000 0.000000 0.000000 0.000000 1.000000
0.386238 0.637247 -0.666886 3.620378 -0.911139 0.376204 -0.168216 0.000000 0.143690 0.672597 0.725925 0.000000 0.000000 0.000000 0.000000 1.000000
0.386023 0.623014 -0.680324 3.620378 -0.910631 0.375224 -0.173086 0.000000 0.147439 0.686339 0.712180 0.000000 0.000000 0.000000 0.000000 1.000000
0.385946 0.617946 -0.684974 3.620378 -0.910449 0.374868 -0.174804 0.000000 0.148755 0.691098 0.707287 0.000000 0.000000 0.000000 0.000000 1.000000
0.385750 0.628697 -0.675231 3.620378 -0.909988 0.379885 -0.166159 0.000000 0.152046 0.678549 0.718647 0.000000 0.000000 0.000000 0.000000 1.000000
0.385167 0.656981 -0.648091 3.620378 -0.908613 0.392840 -0.141770 0.000000 0.161456 0.643469 0.748251 0.000000 0.000000 0.000000 0.000000 1.000000
0.384176 0.696314 -0.606264 3.620378 -0.906275 0.409786 -0.103634 0.000000 0.176277 0.589256 0.788482 0.000000 0.000000 0.000000 0.000000 1.000000
0.382734 0.740214 -0.552809 3.620378 -0.902874 0.426498 -0.054017 0.000000 0.195788 0.519791 0.831556 0.000000 0.000000 0.000000 0.000000 1.000000
0.380791 0.782996 -0.491848 3.620378 -0.898290 0.439385 0.004017 0.000000 0.219256 0.440293 0.870672 0.000000 0.000000 0.000000 0.000000 1.000000
0.378301 0.820389 -0.428778 3.620378 -0.892415 0.446285 0.066529 0.000000 0.245936 0.357480 0.900957 0.000000 0.000000 0.000000 0.000000 1.000000
0.375231 0.849857 -0.370061 3.620378 -0.885173 0.447011 0.129034 0.000000 0.275082 0.279150 0.920003 0.000000 0.000000 0.000000 0.000000 1.000000
0.371573 0.870480 -0.322796 3.620378 -0.876545 0.443507 0.187002 0.000000 0.305944 0.213460 0.927811 0.000000 0.000000 0.000000 0.000000 1.000000
0.367348 0.882311 -0.294250 3.620378 -0.866578 0.439584 0.236240 0.000000 0.337785 0.168208 0.926071 0.000000 0.000000 0.000000 0.000000 1.000000
0.362608 0.885190 -0.291469 3.620378 -0.855396 0.440259 0.272892 0.000000 0.369884 0.150369 0.916829 0.000000 0.000000 0.000000 0.000000 1.000000
0.357441 0.882583 -0.305423 3.620378 -0.843206 0.445578 0.300773 0.000000 0.401547 0.150026 0.903467 0.000000 0.000000 0.000000 0.000000 1.000000
0.351969 0.878775 -0.322291 3.620378 -0.830297 0.452085 0.325923 0.000000 0.432116 0.152883 0.888765 0.000000 0.000000 0.000000 0.000000 1.000000
0.346347 0.873718 -0.341556 3.620378 -0.817035 0.459853 0.347834 0.000000 0.460974 0.158592 0.873127 0.000000 0.000000 0.000000 0.000000 1.000000
0.340758 0.867368 -0.362707 3.620378 -0.803852 0.468871 0.366036 0.000000 0.487550 0.166833 0.857007 0.000000 0.000000 0.000000 0.000000 1.000000
0.335411 0.859699 -0.385249 3.620378 -0.791236 0.479030 0.380099 0.000000 0.511317 0.177334 0.840897 0.000000 0.000000 0.000000 0.000000 1.000000
0.330527 0.850718 -0.408695 3.620378 -0.779716 0.490128 0.389638 0.000000 0.531785 0.189880 0.825318 0.000000 0.000000 0.000000 0.000000 1.000000
0.326340 0.840466 -0.432572 3.620378 -0.769840 0.501862 0.394311 0.000000 0.548496 0.204332 0.810802 0.000000 0.000000 0.000000 0.000000 1.000000
0.323085 0.829034 -0.456419 3.620378 -0.762160 0.513833 0.393812 0.000000 0.561007 0.220630 0.797868 0.000000 0.000000 0.000000 0.000000 1.000000
0.320984 0.816564 -0.479783 3.620378 -0.757204 0.525547 0.387868 0.000000 0.568868 0.238794 0.786998 0.000000 0.000000 0.000000 0.000000 1.000000
0.320243 0.803257 -0.502218 3.620378 -0.755456 0.536413 0.376227 0.000000 0.571603 0.258920 0.778608 0.000000 0.000000 0.000000 0.000000 1.000000
0.323676 0.790699 -0.519644 3.620378 -0.763555 0.542624 0.350061 -0.000000 0.558764 0.283470 0.779376 0.000000 0.000000 0.000000 0.000000 1.000000
0.332597 0.780473 -0.529379 3.620378 -0.784600 0.540447 0.303843 0.000000 0.523242 0.314293 0.792110 0.000000 0.000000 0.000000 0.000000 1.000000
0.344658 0.772763 -0.532962 3.620378 -0.813052 0.529520 0.241984 0.000000 0.469210 0.349924 0.810799 0.000000 0.000000 0.000000 0.000000 1.000000
0.357504 0.767545 -0.532038 3.620378 -0.843355 0.510047 0.169126 -0.000000 0.401177 0.388234 0.829657 0.000000 0.000000 0.000000 0.000000 1.000000
0.369161 0.764450 -0.528523 3.620378 -0.870854 0.483133 0.090527 0.000000 0.324550 0.426847 0.844078 0.000000 0.000000 0.000000 0.000000 1.000000
0.378321 0.762681 -0.524587 3.620378 -0.892463 0.450960 0.012012 0.000000 0.245729 0.463630 0.851272 0.000000 0.000000 0.000000 0.000000 1.000000
0.384484 0.761024 -0.522508 3.620378 -0.907001 0.416778 -0.060379 0.000000 0.171820 0.497130 0.850494 0.000000 0.000000 0.000000 0.000000 1.000000
0.387911 0.757919 -0.524485 3.620378 -0.915085 0.384729 -0.120840 0.000000 0.110198 0.526824 0.842801 0.000000 0.000000 0.000000 0.000000 1.000000
0.389381 0.751555 -0.532491 3.620378 -0.918554 0.359606 -0.164142 0.000000 0.068125 0.553035 0.830368 0.000000 0.000000 0.000000 0.000000 1.000000
0.389748 0.739963 -0.548226 3.620378 -0.919419 0.346648 -0.185754 0.000000 0.052590 0.576446 0.815441 0.000000 0.000000 0.000000 0.000000 1.000000
0.389691 0.724578 -0.568444 3.620378 -0.919284 0.343105 -0.192860 0.000000 0.055294 0.597717 0.799798 0.000000 0.000000 0.000000 0.000000 1.000000
0.389522 0.708481 -0.588496 3.620378 -0.918885 0.342391 -0.196005 0.000000 0.062630 0.617109 0.784382 0.000000 0.000000 0.000000 0.000000 1.000000
0.389234 0.692130 -0.607826 3.620378 -0.918207 0.344139 -0.196122 0.000000 0.073434 0.634447 0.769470 0.000000 0.000000 0.000000 0.000000 1.000000
0.388824 0.676042 -0.625926 3.620378 -0.917239 0.347868 -0.194066 0.000000 0.086543 0.649581 0.755351 0.000000 0.000000 0.000000 0.000000 1.000000
0.388301 0.660777 -0.642336 3.620378 -0.916004 0.352993 -0.190609 0.000000 0.100791 0.662396 0.742342 0.000000 0.000000 0.000000 0.000000 1.000000
0.387698 0.646932 -0.656635 3.620378 -0.914583 0.358854 -0.186447 0.000000 0.115018 0.672832 0.730799 0.000000 0.000000 0.000000 0.000000 1.000000
0.387074 0.635118 -0.668430 3.620378 -0.913111 0.364729 -0.182211 0.000000 0.128071 0.680880 0.721110 0.000000 0.000000 0.000000 0.000000 1.000000
0.386510 0.625951 -0.677344 3.620378 -0.911780 0.369865 -0.178484 0.000000 0.138804 0.686575 0.713687 0.000000 0.000000 0.000000 0.000000 1.000000
0.386101 0.620035 -0.682995 3.620378 -0.910817 0.373495 -0.175825 0.000000 0.146077 0.689970 0.708945 0.000000 0.000000 0.000000 0.000000 1.000000
0.385946 0.617943 -0.684976 3.620378 -0.910449 0.374867 -0.174805 0.000000 0.148755 0.691102 0.707284 0.000000 0.000000 0.000000 0.000000 1.000000
0.390288 0.920693 0.000000 3.620378 -0.920693 0.390288 0.000000 -0.000000 0.000000 0.000000 1.000000 0.000000 0.000000 0.000000 0.000000 1.000000</float_array><technique_common><accessor source="#Clavical-Matrix-animation-output-transform-array" count="61" stride="16"><param type="float4x4"/></accessor></technique_common></source><source id="Clavical-Interpolations"><Name_array id="Clavical-Interpolations-array" count="61">
 LINEAR LINEAR LINEAR LINEAR LINEAR LINEAR LINEAR LINEAR LINEAR LINEAR LINEAR
LINEAR LINEAR LINEAR LINEAR LINEAR LINEAR LINEAR LINEAR LINEAR LINEAR LINEAR LINEAR
LINEAR LINEAR LINEAR LINEAR LINEAR LINEAR LINEAR LINEAR LINEAR LINEAR LINEAR LINEAR
LINEAR LINEAR LINEAR LINEAR LINEAR LINEAR LINEAR LINEAR LINEAR LINEAR LINEAR LINEAR
LINEAR LINEAR LINEAR LINEAR LINEAR LINEAR LINEAR LINEAR LINEAR LINEAR LINEAR LINEAR
LINEAR LINEAR</Name_array><technique_common><accessor source="#Clavical-Interpolations-array" count="61"><param type="name"/></accessor></technique_common></source><sampler id="Clavical-Matrix-animation-transform"><input semantic="INPUT" source="#Clavical-Matrix-animation-input"/><input semantic="OUTPUT" source="#Clavical-Matrix-animation-output-transform"/><input semantic="INTERPOLATION" source="#Clavical-Interpolations"/></sampler><channel source="#Clavical-Matrix-animation-transform" target="Clavical/matrix"/></animation><animation><source id="Clavical-visibility-animation-input"><float_array id="Clavical-visibility-animation-input-array" count="5">

0.041667 0.083333 0.833333 2.500000 2.541667</float_array><technique_common><accessor source="#Clavical-visibility-animation-input-array" count="5"><param name="TIME" type="float"/></accessor></technique_common></source><source id="Clavical-visibility-animation-output"><float_array id="Clavical-visibility-animation-output-array" count="5">

1.000000 1.000000 1.000000 1.000000 1.000000</float_array><technique_common><accessor source="#Clavical-visibility-animation-output-array" count="5"><param type="float"/></accessor></technique_common></source><source id="Clavical-visibility-animation-intan"><float_array id="Clavical-visibility-animation-intan-array" count="5">

0.000000 0.000000 0.000000 0.000000 0.000000</float_array><technique_common><accessor source="#Clavical-visibility-animation-intan-array" count="5"><param type="float"/></accessor></technique_common></source><source id="Clavical-visibility-animation-outtan"><float_array id="Clavical-visibility-animation-outtan-array" count="5">

0.000000 0.000000 0.000000 0.000000 0.000000</float_array><technique_common><accessor source="#Clavical-visibility-animation-outtan-array" count="5"><param type="float"/></accessor></technique_common></source><source id="Clavical-visibility-animation-interpolation"><Name_array id="Clavical-visibility-animation-interpolation-array" count="5">
 STEP STEP STEP STEP STEP</Name_array><technique_common><accessor source="#Clavical-visibility-animation-interpolation-array" count="5"><param type="name"/></accessor></technique_common></source><sampler id="Clavical-visibility-animation"><input semantic="INPUT" source="#Clavical-visibility-animation-input"/><input semantic="OUTPUT" source="#Clavical-visibility-animation-output"/><input semantic="IN_TANGENT" source="#Clavical-visibility-animation-intan"/><input semantic="OUT_TANGENT" source="#Clavical-visibility-animation-outtan"/><input semantic="INTERPOLATION" source="#Clavical-visibility-animation-interpolation"/></sampler><channel source="#Clavical-visibility-animation" target="Clavical/visibility"/></animation></animation>
    <animation id="L_Shoulder-anim" name="L_Shoulder"><animation><source id="L_Shoulder-Matrix-animation-input"><float_array id="L_Shoulder-Matrix-animation-input-array" count="61">

0.041667 0.083333 0.125000 0.166667 0.208333 0.250000 0.291667 0.333333 0.375000 0.416667 0.458333 0.500000 0.541667 0.583333 0.625000 0.666667
0.708333 0.750000 0.791667 0.833333 0.875000 0.916667 0.958333 1.000000 1.041667 1.083333 1.125000 1.166667 1.208333 1.250000 1.291667 1.333333
1.375000 1.416667 1.458333 1.500000 1.541667 1.583333 1.625000 1.666667 1.708333 1.750000 1.791667 1.833333 1.875000 1.916667 1.958333 2.000000
2.041667 2.083333 2.125000 2.166667 2.208333 2.250000 2.291667 2.333333 2.375000 2.416667 2.458333 2.500000 2.541667</float_array><technique_common><accessor source="#L_Shoulder-Matrix-animation-input-array" count="61"><param name="TIME" type="float"/></accessor></technique_common></source><source id="L_Shoulder-Matrix-animation-output-transform"><float_array id="L_Shoulder-Matrix-animation-output-transform-array" count="976">

0.903200 0.445165 0.000000 2.847924 -0.445165 0.903200 0.000000 -0.325279 0.000000 0.000000 1.006947 0.000000 0.000000 0.000000 0.000000 1.000000
-0.462233 0.894585 0.000000 2.945709 -0.894585 -0.462233 0.000000 -0.366730 0.000000 0.000000 1.006947 0.000000 0.000000 0.000000 0.000000 1.000000
-0.462229 0.894585 -0.001973 2.945709 -0.894577 -0.462233 -0.003818 -0.366730 -0.004297 0.000000 1.006938 0.000000 0.000000 0.000000 0.000000 1.000000
-0.462171 0.894585 -0.007587 2.945709 -0.894464 -0.462233 -0.014683 -0.366730 -0.016527 -0.000000 1.006811 -0.000000 0.000000 0.000000 0.000000 1.000000
-0.461943 0.894585 -0.016385 2.945709 -0.894023 -0.462233 -0.031710 -0.366730 -0.035693 0.000000 1.006314 -0.000000 0.000000 0.000000 0.000000 1.000000
-0.461391 0.894585 -0.027903 2.945709 -0.892953 -0.462233 -0.054003 -0.366730 -0.060786 0.000000 1.005110 0.000000 0.000000 0.000000 0.000000 1.000000
-0.460351 0.894585 -0.041672 2.945709 -0.890942 -0.462233 -0.080650 -0.366730 -0.090780 0.000000 1.002846 0.000000 0.000000 0.000000 0.000000 1.000000
-0.458679 0.894585 -0.057211 2.945709 -0.887706 -0.462233 -0.110723 -0.366730 -0.124630 -0.000000 0.999204 0.000000 0.000000 0.000000 0.000000 1.000000
-0.456266 0.894585 -0.074033 2.945709 -0.883036 -0.462233 -0.143279 -0.366730 -0.161276 0.000000 0.993948 0.000000 0.000000 0.000000 0.000000 1.000000
-0.453057 0.894585 -0.091647 2.945709 -0.876825 -0.462233 -0.177369 -0.366730 -0.199647 -0.000000 0.986956 -0.000000 0.000000 0.000000 0.000000 1.000000
-0.449060 0.894585 -0.109566 2.945709 -0.869090 -0.462233 -0.212049 -0.366730 -0.238683 0.000000 0.978249 -0.000000 0.000000 0.000000 0.000000 1.000000
-0.444355 0.894585 -0.127312 2.945709 -0.859984 -0.462233 -0.246394 -0.366730 -0.277342 0.000000 0.967999 0.000000 0.000000 0.000000 0.000000 1.000000
-0.439091 0.894585 -0.144425 2.945709 -0.849796 -0.462233 -0.279514 -0.366730 -0.314622 -0.000000 0.956533 -0.000000 0.000000 0.000000 0.000000 1.000000
-0.433486 0.894585 -0.160468 2.945709 -0.838947 -0.462233 -0.310563 -0.366730 -0.349570 0.000000 0.944321 0.000000 0.000000 0.000000 0.000000 1.000000
-0.427813 0.894585 -0.175031 2.945709 -0.827969 -0.462233 -0.338747 -0.366730 -0.381294 -0.000000 0.931964 -0.000000 0.000000 0.000000 0.000000 1.000000
-0.422394 0.894585 -0.187731 2.945709 -0.817482 -0.462233 -0.363326 -0.366730 -0.408961 0.000000 0.920159 0.000000 0.000000 0.000000 0.000000 1.000000
-0.417579 0.894585 -0.198210 2.945709 -0.808163 -0.462233 -0.383606 -0.366730 -0.431788 0.000000 0.909671 0.000000 0.000000 0.000000 0.000000 1.000000
-0.413730 0.894585 -0.206124 2.945709 -0.800713 -0.462233 -0.398923 -0.366730 -0.449029 -0.000000 0.901285 0.000000 0.000000 0.000000 0.000000 1.000000
-0.411196 0.894585 -0.211134 2.945709 -0.795809 -0.462233 -0.408619 -0.366730 -0.459943 0.000000 0.895765 -0.000000 0.000000 0.000000 0.000000 1.000000
-0.410291 0.894585 -0.212887 2.945709 -0.794058 -0.462233 -0.412012 -0.366730 -0.463761 0.000000 0.893794 -0.000000 0.000000 0.000000 0.000000 1.000000
-0.412473 0.894585 -0.208629 2.945709 -0.798280 -0.462233 -0.403771 -0.366730 -0.454486 0.000000 0.898546 0.000000 0.000000 0.000000 0.000000 1.000000
-0.418330 0.894585 -0.196622 2.945709 -0.809615 -0.462233 -0.380532 -0.366730 -0.428328 -0.000000 0.911305 0.000000 0.000000 0.000000 0.000000 1.000000
-0.426616 0.894585 -0.177928 2.945709 -0.825652 -0.462233 -0.344354 -0.366730 -0.387606 0.000000 0.929356 0.000000 0.000000 0.000000 0.000000 1.000000
-0.435961 0.894585 -0.153616 2.945709 -0.843738 -0.462233 -0.297302 -0.366730 -0.334644 0.000000 0.949713 0.000000 0.000000 0.000000 0.000000 1.000000
-0.445050 0.894585 -0.124862 2.945709 -0.861328 -0.462233 -0.241651 -0.366730 -0.272003 0.000000 0.969513 0.000000 0.000000 0.000000 0.000000 1.000000
-0.452780 0.894585 -0.093006 2.945709 -0.876289 -0.462233 -0.179999 -0.366730 -0.202608 0.000000 0.986353 0.000000 0.000000 0.000000 0.000000 1.000000
-0.458381 0.894585 -0.059555 2.945709 -0.887128 -0.462233 -0.115261 -0.366730 -0.129738 -0.000000 0.998554 -0.000000 0.000000 0.000000 0.000000 1.000000
-0.461494 0.894585 -0.026135 2.945709 -0.893154 -0.462233 -0.050580 -0.366730 -0.056933 0.000000 1.005336 0.000000 0.000000 0.000000 0.000000 1.000000
-0.462200 0.894585 0.005585 2.945709 -0.894519 -0.462233 0.010809 -0.366730 0.012166 0.000000 1.006873 0.000000 0.000000 0.000000 0.000000 1.000000
-0.460984 0.894585 0.033961 2.945709 -0.892167 -0.462233 0.065727 -0.366730 0.073982 -0.000000 1.004225 -0.000000 0.000000 0.000000 0.000000 1.000000
-0.457973 0.894585 0.062611 2.945709 -0.886340 -0.462233 0.121175 -0.366730 0.136394 0.000000 0.997666 0.000000 0.000000 0.000000 0.000000 1.000000
-0.452375 0.894585 0.094958 2.945709 -0.875504 -0.462233 0.183777 -0.366730 0.206860 0.000000 0.985470 0.000000 0.000000 0.000000 0.000000 1.000000
-0.443841 0.894585 0.129094 2.945709 -0.858988 -0.462233 0.249843 -0.366730 0.281224 0.000000 0.966879 -0.000000 0.000000 0.000000 0.000000 1.000000
-0.432488 0.894585 0.163136 2.945709 -0.837018 -0.462233 0.315727 -0.366730 0.355383 0.000000 0.942149 0.000000 0.000000 0.000000 0.000000 1.000000
-0.418938 0.894585 0.195323 2.945709 -0.810792 -0.462233 0.378019 -0.366730 0.425499 0.000000 0.912629 0.000000 0.000000 0.000000 0.000000 1.000000
-0.404274 0.894585 0.224103 2.945709 -0.782413 -0.462233 0.433718 -0.366730 0.488194 -0.000000 0.880686 0.000000 0.000000 0.000000 0.000000 1.000000
-0.389955 0.894585 0.248183 2.945709 -0.754701 -0.462233 0.480321 -0.366730 0.540650 0.000000 0.849493 0.000000 0.000000 0.000000 0.000000 1.000000
-0.377665 0.894585 0.266513 2.945709 -0.730914 -0.462233 0.515797 -0.366730 0.580582 -0.000000 0.822719 0.000000 0.000000 0.000000 0.000000 1.000000
-0.369143 0.894585 0.278196 2.945709 -0.714422 -0.462233 0.538408 -0.366730 0.606034 0.000000 0.804155 -0.000000 0.000000 0.000000 0.000000 1.000000
-0.365996 0.894585 0.282323 2.945709 -0.708332 -0.462233 0.546395 -0.366730 0.615024 0.000000 0.797300 -0.000000 0.000000 0.000000 0.000000 1.000000
-0.369237 0.894585 0.278071 2.945709 -0.714605 -0.462233 0.538166 -0.366730 0.605760 0.000000 0.804361 0.000000 0.000000 0.000000 0.000000 1.000000
-0.378001 0.894585 0.266036 2.945709 -0.731564 -0.462233 0.514874 -0.366730 0.579544 -0.000000 0.823450 0.000000 0.000000 0.000000 0.000000 1.000000
-0.390604 0.894585 0.247160 2.945709 -0.755957 -0.462233 0.478342 -0.366730 0.538423 -0.000000 0.850907 -0.000000 0.000000 0.000000 0.000000 1.000000
-0.405227 0.894585 0.222375 2.945709 -0.784258 -0.462233 0.430374 -0.366730 0.484430 0.000000 0.882762 0.000000 0.000000 0.000000 0.000000 1.000000
-0.420114 0.894585 0.192779 2.945709 -0.813069 -0.462233 0.373096 -0.366730 0.419957 -0.000000 0.915193 0.000000 0.000000 0.000000 0.000000 1.000000
-0.433757 0.894585 0.159733 2.945709 -0.839473 -0.462233 0.309139 -0.366730 0.347968 0.000000 0.944913 0.000000 0.000000 0.000000 0.000000 1.000000
-0.445048 0.894585 0.124868 2.945709 -0.861325 -0.462233 0.241665 -0.366730 0.272018 0.000000 0.969509 0.000000 0.000000 0.000000 0.000000 1.000000
-0.453380 0.894585 0.090037 2.945709 -0.877450 -0.462233 0.174253 -0.366730 0.196140 0.000000 0.987659 0.000000 0.000000 0.000000 0.000000 1.000000
-0.458680 0.894585 0.057208 2.945709 -0.887707 -0.462233 0.110718 -0.366730 0.124625 0.000000 0.999205 0.000000 0.000000 0.000000 0.000000 1.000000
-0.461362 0.894585 0.028368 2.945709 -0.892898 -0.462233 0.054902 -0.366730 0.061798 -0.000000 1.005049 0.000000 0.000000 0.000000 0.000000 1.000000
-0.462233 0.894585 0.000136 2.945709 -0.894585 -0.462233 0.000264 -0.366730 0.000297 0.000000 1.006947 0.000000 0.000000 0.000000 0.000000 1.000000
-0.461183 0.894585 -0.031148 2.945709 -0.892551 -0.462233 -0.060282 -0.366730 -0.067854 0.000000 1.004658 -0.000000 0.000000 0.000000 0.000000 1.000000
-0.457794 0.894585 -0.063911 2.945709 -0.885992 -0.462233 -0.123690 -0.366730 -0.139226 0.000000 0.997275 -0.000000 0.000000 0.000000 0.000000 1.000000
-0.452035 0.894585 -0.096561 2.945709 -0.874847 -0.462233 -0.186880 -0.366730 -0.210353 0.000000 0.984730 0.000000 0.000000 0.000000 0.000000 1.000000
-0.444285 0.894585 -0.127558 2.945709 -0.859847 -0.462233 -0.246870 -0.366730 -0.277877 0.000000 0.967846 0.000000 0.000000 0.000000 0.000000 1.000000
-0.435301 0.894585 -0.155476 2.945709 -0.842461 -0.462233 -0.300901 -0.366730 -0.338695 -0.000000 0.948276 0.000000 0.000000 0.000000 0.000000 1.000000
-0.426149 0.894585 -0.179045 2.945709 -0.824748 -0.462233 -0.346516 -0.366730 -0.390039 -0.000000 0.928338 -0.000000 0.000000 0.000000 0.000000 1.000000
-0.418081 0.894585 -0.197149 2.945709 -0.809135 -0.462233 -0.381553 -0.366730 -0.429477 0.000000 0.910764 0.000000 0.000000 0.000000 0.000000 1.000000
-0.412402 0.894585 -0.208769 2.945709 -0.798143 -0.462233 -0.404042 -0.366730 -0.454791 -0.000000 0.898391 0.000000 0.000000 0.000000 0.000000 1.000000
-0.410291 0.894585 -0.212887 2.945709 -0.794058 -0.462233 -0.412012 -0.366730 -0.463761 0.000000 0.893794 0.000000 0.000000 0.000000 0.000000 1.000000
-0.462233 0.894585 0.000000 2.945709 -0.894585 -0.462233 0.000000 -0.366730 0.000000 0.000000 1.006947 0.000000 0.000000 0.000000 0.000000 1.000000</float_array><technique_common><accessor source="#L_Shoulder-Matrix-animation-output-transform-array" count="61" stride="16"><param type="float4x4"/></accessor></technique_common></source><source id="L_Shoulder-Interpolations"><Name_array id="L_Shoulder-Interpolations-array" count="61">
 LINEAR LINEAR LINEAR LINEAR LINEAR LINEAR LINEAR LINEAR LINEAR LINEAR LINEAR
LINEAR LINEAR LINEAR LINEAR LINEAR LINEAR LINEAR LINEAR LINEAR LINEAR LINEAR LINEAR
LINEAR LINEAR LINEAR LINEAR LINEAR LINEAR LINEAR LINEAR LINEAR LINEAR LINEAR LINEAR
LINEAR LINEAR LINEAR LINEAR LINEAR LINEAR LINEAR LINEAR LINEAR LINEAR LINEAR LINEAR
LINEAR LINEAR LINEAR LINEAR LINEAR LINEAR LINEAR LINEAR LINEAR LINEAR LINEAR LINEAR
LINEAR LINEAR</Name_array><technique_common><accessor source="#L_Shoulder-Interpolations-array" count="61"><param type="name"/></accessor></technique_common></source><sampler id="L_Shoulder-Matrix-animation-transform"><input semantic="INPUT" source="#L_Shoulder-Matrix-animation-input"/><input semantic="OUTPUT" source="#L_Shoulder-Matrix-animation-output-transform"/><input semantic="INTERPOLATION" source="#L_Shoulder-Interpolations"/></sampler><channel source="#L_Shoulder-Matrix-animation-transform" target="L_Shoulder/matrix"/></animation><animation><source id="L_Shoulder-visibility-animation-input"><float_array id="L_Shoulder-visibility-animation-input-array" count="5">

0.041667 0.083333 0.833333 2.500000 2.541667</float_array><technique_common><accessor source="#L_Shoulder-visibility-animation-input-array" count="5"><param name="TIME" type="float"/></accessor></technique_common></source><source id="L_Shoulder-visibility-animation-output"><float_array id="L_Shoulder-visibility-animation-output-array" count="5">

1.000000 1.000000 1.000000 1.000000 1.000000</float_array><technique_common><accessor source="#L_Shoulder-visibility-animation-output-array" count="5"><param type="float"/></accessor></technique_common></source><source id="L_Shoulder-visibility-animation-intan"><float_array id="L_Shoulder-visibility-animation-intan-array" count="5">

0.000000 0.000000 0.000000 0.000000 0.000000</float_array><technique_common><accessor source="#L_Shoulder-visibility-animation-intan-array" count="5"><param type="float"/></accessor></technique_common></source><source id="L_Shoulder-visibility-animation-outtan"><float_array id="L_Shoulder-visibility-animation-outtan-array" count="5">

